294
694
920
398
403
303
968
532
935
563
626
658
504
704
561
176
2
866
852
686
538
392
362
870
963
662
754
969
898
392
34
756
673
338
576
870
897
730
885
672
630
156
946
816
509
486
345
105
305
542
629
609
65
768
699
923
829
165
289
596
685
559
988
949
28
355
701
553
616
13
624
70
879
801
436
14
910
90
540
787
994
119
388
589
357
120
614
354
673
597
954
399
331
639
897
231
406
682
123
172
651
757
117
151
9
883
219
83
631
440
244
128
580
696
163
536
10
871
376
458
521
661
356
710
195
288
656
765
346
950
355
73
790
682
404
212
330
403
697
330
325
538
996
551
9
193
23
209
773
360
844
205
483
259
192
345
911
65
638
533
366
305
911
718
994
729
339
352
541
723
924
821
760
85
706
231
426
797
704
330
930
624
293
827
543
258
975
141
661
808
588
285
489
126
444
812
776
538
822
834
791
121
220
854
864
306
582
516
707
24
322
192
518
903
560
137
710
483
660
564
7
860
815
692
476
574
627
994
268
902
665
434
930
364
8
456
113
121
433
597
826
685
922
694
469
478
537
459
572
860
788
689
483
384
743
670
840
396
918
134
660
885
532
202
782
3
74
842
659
91
312
5
791
160
698
226
544
639
502
419
575
706
100
853
476
255
768
637
945
570
78
776
319
544
541
883
106
963
597
374
202
706
839
432
524
350
356
773
512
754
25
599
214
755
8
988
39
272
958
168
950
107
158
803
166
97
532
762
298
720
326
325
652
139
117
816
815
52
375
804
212
557
241
97
627
958
998
214
862
650
450
338
216
148
290
587
646
666
142
493
505
307
746
593
859
566
44
383
147
271
642
672
281
18
781
885
42
225
65
953
273
789
933
156
498
320
290
924
553
87
253
481
857
301
991
379
523
879
546
795
109
869
557
519
826
955
706
435
499
175
641
420
271
948
439
839
584
619
233
622
509
789
328
589
832
561
457
154
815
511
950
726
730
318
710
906
65
902
79
620
577
403
28
497
544
619
164
490
147
64
141
779
626
298
702
538
641
504
417
506
166
80
587
265
834
85
912
330
67
976
908
53
886
23
721
159
81
592
787
434
749
570
798
87
767
9
325
293
510
563
702
26
193
948
499
513
423
474
953
371
725
646
29
300
869
847
36
39
660
108
773
706
224
618
265
736
513
111
272
824
29
722
486
681
321
418
450
368
264
532
154
473
713
612
631
894
868
590
653
136
751
260
684
135
611
318
530
621
810
349
129
776
498
321
825
48
399
375
315
43
531
401
835
130
368
659
228
51
26
294
828
473
614
72
614
633
382
89
122
906
244
678
891
621
711
712
534
736
654
904
225
432
265
717
653
393
258
70
367
664
880
952
694
857
703
89
581
225
600
992
633
478
621
417
516
624
199
234
374
782
392
580
662
967
553
445
194
848
558
872
720
561
538
749
181
433
36
308
732
414
254
265
719
167
99
264
596
910
9
189
334
309
516
842
581
746
757
918
343
220
842
765
597
675
489
692
606
747
651
457
817
782
646
822
858
749
553
264
896
644
999
973
380
339
590
818
520
122
216
202
998
79
927
382
814
526
769
104
796
590
894
145
743
240
998
584
106
46
904
915
300
833
719
969
614
161
586
854
310
497
911
482
388
864
679
50
453
136
503
707
362
948
517
854
868
13
629
10
986
17
840
106
733
707
500
665
20
892
33
510
170
50
695
447
516
757
75
186
483
315
8
11
532
65
498
764
427
821
588
561
158
97
860
234
828
583
475
208
1
71
901
856
96
923
35
954
907
290
90
685
50
282
870
553
925
460
334
678
328
403
887
553
298
336
719
346
148
410
103
743
112
678
591
486
201
608
916
482
70
724
952
867
737
388
537
969
197
954
339
41
373
837
825
800
773
672
286
310
341
576
975
956
422
642
930
193
241
429
15
238
481
502
521
959
794
156
652
712
838
281
323
945
85
653
426
311
739
253
412
804
449
327
893
323
103
858
268
977
173
368
687
86
805
444
588
962
693
127
422
131
993
409
475
207
390
426
932
221
888
613
0
641
836
562
654
125
117
989
463
415
700
331
92
759
141
367
970
62
382
863
244
388
940
461
265
690
875
303
814
903
920
198
318
240
255
74
148
267
123
374
768
94
78
487
39
436
754
997
349
4
193
184
896
513
349
619
791
250
734
296
857
546
917
383
637
546
641
753
617
609
816
35
483
937
153
108
810
829
28
198
521
894
133
224
947
748
95
203
853
973
880
845
945
398
85
627
774
8
368
18
745
162
545
170
961
124
271
694
301
758
790
917
94
856
680
654
460
237
757
266
6
224
857
57
428
871
15
118
605
45
346
470
153
795
104
786
601
253
457
243
794
341
779
516
787
41
572
464
811
346
586
874
830
808
374
734
105
137
793
2
351
159
888
304
28
391
841
945
275
105
517
432
954
759
787
334
309
29
403
246
697
963
603
319
128
817
333
642
856
691
971
622
12
163
748
343
525
437
884
704
476
657
977
84
218
870
298
62
610
352
835
804
643
401
339
345
396
608
996
982
818
641
467
78
406
277
236
185
712
716
413
19
539
858
558
576
741
739
663
92
420
864
223
478
574
729
300
452
82
676
943
127
141
302
124
462
369
145
193
581
246
505
188
246
295
522
638
320
218
533
652
817
73
143
123
392
373
219
866
146
948
165
976
866
356
412
519
689
65
690
456
999
474
31
71
720
626
589
235
806
95
269
36
576
404
147
306
521
736
210
365
434
472
668
5
868
512
79
576
643
421
826
503
435
453
34
397
711
656
902
756
309
252
679
718
385
471
67
204
671
559
115
364
847
792
629
176
589
258
988
982
796
813
280
383
770
67
519
285
233
726
239
698
844
357
862
753
56
211
448
158
21
616
907
117
281
797
174
371
998
404
714
303
850
88
73
724
364
987
323
213
364
32
963
651
887
860
209
678
75
509
328
377
441
45
12
948
458
8
364
26
963
707
383
472
263
85
478
389
928
597
127
871
25
753
301
392
515
689
662
96
910
135
219
562
523
895
558
658
206
664
682
945
407
523
910
178
767
543
381
196
916
288
277
307
16
333
471
840
309
840
668
18
592
285
439
454
148
290
59
560
730
949
73
725
824
698
178
57
513
932
172
322
426
112
748
740
831
547
398
927
578
474
536
842
434
90
833
857
314
946
399
500
487
741
152
848
882
319
905
28
812
662
815
203
806
360
938
955
512
30
700
174
980
430
538
817
754
412
426
334
64
849
970
418
940
533
10
29
94
607
141
42
381
143
167
227
461
903
191
447
872
403
397
431
503
164
710
643
379
781
834
151
339
927
763
131
670
224
169
266
447
779
707
748
343
443
647
691
503
139
841
907
566
543
657
993
71
792
95
638
456
461
910
727
845
497
588
757
901
544
364
593
107
472
181
504
867
390
56
433
670
593
505
184
795
744
471
831
224
231
200
49
337
975
439
694
839
54
746
574
699
92
649
581
176
184
653
173
757
299
444
782
378
646
644
350
524
727
423
407
833
961
188
35
148
507
144
787
777
87
563
786
921
831
444
549
636
831
565
480
788
904
138
287
798
241
790
25
470
430
599
88
635
216
190
202
183
450
627
209
780
724
726
952
732
919
360
959
790
319
745
603
21
50
646
830
542
778
661
533
140
741
846
277
131
640
117
587
298
270
529
668
384
199
835
764
822
664
491
615
643
648
825
748
669
430
114
740
406
680
59
885
782
650
230
121
89
325
377
730
432
38
397
417
183
937
470
577
60
588
525
30
396
67
888
193
179
299
77
673
639
102
773
323
95
514
601
421
797
267
482
822
469
815
104
144
310
69
635
583
165
921
656
868
760
325
523
477
986
702
976
864
677
674
646
282
946
820
63
164
336
170
259
378
745
2
427
815
859
394
266
620
845
822
281
404
302
583
281
507
332
570
761
93
851
625
718
470
37
965
364
804
689
601
737
356
208
877
179
202
76
477
6
76
79
839
776
717
323
806
160
653
666
261
890
649
415
105
212
634
977
973
603
929
516
469
913
520
867
456
84
854
745
258
572
372
681
970
120
792
963
3
728
821
595
262
63
974
146
785
436
273
34
900
813
36
42
989
940
540
328
104
207
803
599
163
334
46
900
216
802
637
608
229
868
540
231
988
955
308
274
907
405
34
431
550
678
983
103
380
864
787
230
993
868
640
757
813
466
643
731
991
934
445
999
843
74
563
235
870
732
886
661
513
488
601
305
840
307
321
707
225
92
306
643
264
700
362
241
548
462
693
163
839
218
84
698
622
875
515
786
721
340
892
691
215
654
852
632
249
775
511
278
191
328
423
369
738
325
555
54
270
762
608
408
453
356
421
979
246
21
86
287
235
429
612
766
958
445
664
782
142
545
111
553
10
668
841
3
581
709
554
990
183
619
266
894
136
252
874
58
861
134
217
901
467
167
242
163
41
604
830
920
933
837
873
676
998
784
225
759
424
871
169
79
648
897
652
855
139
132
217
976
717
568
293
285
960
253
351
214
760
93
545
161
570
725
310
414
503
647
574
198
572
301
425
862
572
735
424
710
313
889
849
26
759
936
813
699
581
874
520
528
453
268
629
33
426
567
780
104
873
413
341
552
350
91
476
834
998
939
327
41
224
705
556
43
641
223
368
826
809
876
230
510
801
296
264
859
301
671
296
483
160
76
54
965
372
350
876
837
800
473
259
577
864
672
313
247
936
169
308
118
991
576
947
702
711
830
504
297
525
77
976
958
487
590
246
740
472
971
298
210
56
979
50
562
115
960
447
588
558
349
730
6
533
389
785
975
812
141
370
666
740
326
839
612
522
892
251
90
434
307
557
33
931
190
61
360
685
995
361
353
853
219
236
229
508
534
827
794
616
171
386
702
962
243
31
667
552
40
281
976
9
281
674
465
864
491
207
10
937
576
955
379
750
897
23
513
385
222
768
549
178
345
554
884
753
978
902
326
697
620
552
969
203
8
450
188
980
596
942
415
524
250
584
838
131
574
715
340
857
806
166
777
1
666
103
443
700
452
536
847
957
901
659
237
530
233
237
884
632
526
140
862
526
731
214
876
450
103
849
759
600
336
708
389
432
315
154
215
474
843
40
896
175
687
43
46
551
972
440
771
923
528
785
524
643
649
970
941
647
449
804
622
179
988
669
325
562
516
423
544
265
866
890
188
977
494
934
753
896
887
80
481
318
579
263
528
723
867
824
658
154
794
417
650
314
334
952
768
897
740
514
529
803
290
54
944
798
185
363
127
597
883
778
168
482
724
379
341
128
743
810
270
72
448
959
792
129
533
889
413
914
170
545
730
370
667
458
934
481
561
724
371
306
599
550
544
266
752
660
463
732
722
630
737
827
737
533
860
509
445
12
885
543
71
899
818
993
571
63
894
221
375
579
795
809
790
525
682
717
727
218
781
28
652
824
791
664
954
111
868
63
32
687
205
51
851
300
690
366
566
558
988
880
216
471
298
410
513
348
946
715
136
233
931
663
806
898
695
492
461
861
71
44
678
601
822
527
907
426
497
322
408
336
67
325
338
176
356
453
87
657
348
616
4
144
330
710
972
562
476
100
536
478
920
379
163
799
667
863
865
691
579
965
527
562
402
774
532
455
354
742
586
109
895
375
811
92
630
81
782
367
878
0
597
601
68
794
126
892
241
746
556
337
491
965
153
199
682
813
972
961
684
409
732
528
187
90
824
38
261
351
37
7
260
69
743
395
99
175
264
739
746
471
817
913
441
232
561
840
255
131
806
863
22
397
888
635
12
408
214
593
281
530
346
69
118
878
70
135
229
613
928
914
674
293
18
426
302
705
340
697
779
357
63
18
542
947
619
64
858
327
795
721
988
421
484
766
776
236
899
634
976
155
77
938
223
965
873
351
983
689
639
662
714
522
555
62
143
922
856
794
105
898
865
990
66
452
175
178
718
661
860
278
892
615
922
26
20
616
174
408
196
613
374
242
442
741
976
391
588
481
589
626
116
241
545
95
985
318
327
264
481
114
128
386
120
262
827
737
736
345
749
215
886
468
717
662
274
64
168
735
423
210
303
840
956
781
713
45
229
250
541
576
545
902
778
253
894
665
962
738
470
439
635
947
986
348
373
227
853
575
621
56
50
486
136
86
692
840
46
142
67
941
211
876
423
281
659
684
362
26
814
416
762
702
304
353
967
337
57
996
95
758
953
657
958
515
808
51
376
199
491
3
907
962
691
396
273
131
972
580
970
783
83
414
410
113
116
697
689
570
133
939
535
288
101
561
487
678
336
906
579
571
18
918
9
453
611
291
750
641
807
577
399
184
646
999
433
690
168
484
438
493
15
482
936
460
268
395
723
173
282
789
816
970
109
207
866
978
133
353
138
563
3
72
441
653
956
795
901
685
888
506
479
983
406
700
105
483
914
863
546
51
256
904
214
402
797
325
752
447
155
62
80
901
521
876
17
5
889
714
614
121
892
924
10
410
273
213
722
118
917
478
473
447
905
831
443
483
906
116
682
974
887
666
151
275
765
932
443
42
480
127
999
667
467
829
556
666
185
772
682
756
746
905
946
441
29
737
109
672
605
135
890
373
889
553
70
988
929
327
581
786
945
718
297
416
760
161
930
634
28
488
550
328
916
202
672
242
330
48
486
662
247
221
667
969
909
609
510
657
519
271
407
540
146
330
390
116
807
355
538
585
542
968
254
34
332
26
449
656
326
709
388
401
280
776
94
795
697
433
128
123
135
811
464
895
868
207
133
182
494
861
267
501
17
493
179
879
87
140
170
365
358
701
233
584
204
14
780
924
239
900
216
207
52
445
157
97
561
212
141
447
3
376
368
398
680
19
596
172
636
154
187
730
265
960
703
497
112
858
259
405
544
239
67
124
575
421
602
977
909
584
770
711
999
610
172
495
639
980
300
256
855
889
79
485
637
689
641
503
55
488
304
28
931
208
315
628
223
343
957
512
480
129
218
188
54
498
42
473
374
89
281
265
195
315
257
959
384
22
540
586
544
918
668
835
688
507
220
763
131
923
790
193
704
614
509
463
731
171
67
151
725
67
883
916
178
275
277
104
110
519
173
893
415
999
478
674
769
532
151
565
704
589
421
589
753
7
393
770
242
517
900
201
513
596
131
987
107
202
769
518
979
662
740
324
926
99
266
795
767
701
34
421
493
212
171
322
596
508
396
122
975
148
640
165
202
12
946
237
244
387
200
870
882
48
944
267
516
560
456
267
565
895
505
308
144
780
215
554
600
738
978
249
593
499
611
80
602
883
354
246
848
173
542
391
925
635
674
250
212
828
997
144
521
818
974
562
730
996
221
933
82
299
881
519
186
590
94
466
183
857
646
379
932
542
16
407
192
766
419
537
849
47
420
694
617
154
243
553
173
567
873
228
943
816
976
934
29
271
614
860
961
34
27
489
882
675
99
765
207
997
754
42
597
372
855
916
796
837
407
541
881
788
178
71
131
64
606
254
391
725
531
896
772
816
606
146
687
830
170
256
966
858
574
160
413
54
412
161
152
800
410
238
226
357
495
42
733
750
147
785
780
401
197
329
999
901
876
305
235
172
973
213
605
527
486
705
35
81
963
567
426
565
904
297
537
747
231
542
39
305
876
565
314
695
860
900
143
225
428
56
895
336
388
372
535
84
435
492
536
624
755
605
733
971
294
271
986
876
475
278
779
78
901
894
594
584
463
815
903
627
911
311
286
669
451
114
860
199
103
54
421
318
606
573
770
545
652
516
836
208
909
862
52
238
677
305
818
363
962
470
824
758
323
287
212
720
326
788
850
669
257
202
579
76
298
400
489
833
531
674
980
361
742
556
692
227
979
457
246
256
605
808
858
821
976
677
441
296
839
405
426
320
332
78
669
968
598
769
405
741
779
932
683
887
930
800
2
468
776
572
796
989
906
948
639
360
830
214
253
223
681
608
813
643
398
645
726
9
713
951
425
42
104
885
884
467
79
174
677
506
779
650
901
714
835
296
934
62
70
319
834
14
304
586
825
226
699
33
939
974
844
852
875
361
879
280
55
899
425
984
531
706
532
767
137
864
746
13
786
623
710
342
244
481
308
383
481
39
818
296
558
690
557
747
240
652
76
179
901
258
213
519
503
880
526
315
331
426
366
677
556
688
841
75
578
935
375
171
507
999
455
182
256
689
258
123
38
450
30
54
959
364
177
767
287
904
81
900
151
609
877
131
670
361
846
239
156
721
438
400
871
83
155
839
783
276
704
858
390
216
17
836
234
416
376
637
282
385
1
983
855
126
32
457
821
48
129
415
497
566
58
624
564
932
336
400
689
970
569
618
547
85
458
50
682
942
675
739
911
874
151
742
37
901
689
359
872
64
706
163
217
160
409
68
675
579
46
717
909
17
999
625
846
579
859
441
790
289
133
394
314
432
162
579
845
684
469
954
31
919
405
698
258
830
513
713
552
638
97
304
235
524
874
440
893
978
780
909
77
7
196
571
943
557
182
840
426
670
110
51
281
634
272
36
359
723
940
807
365
789
678
407
131
22
389
439
289
326
794
29
905
240
505
55
918
264
12
647
633
264
139
115
924
574
346
261
788
795
321
584
999
699
972
92
409
458
310
160
923
616
244
761
476
614
416
69
184
68
2
639
767
757
82
269
160
697
744
225
270
86
486
78
121
498
201
504
675
275
114
884
572
508
264
40
599
42
252
605
315
339
749
198
804
70
645
851
590
439
657
306
777
398
510
847
577
115
489
244
864
124
673
557
21
460
793
647
381
964
26
452
772
742
944
284
212
37
823
207
931
867
839
21
30
195
358
15
911
42
253
785
333
219
707
294
986
452
10
366
799
63
885
636
534
396
459
616
931
426
173
423
871
140
732
70
958
885
261
32
991
979
915
977
801
675
826
547
804
941
327
338
667
168
268
178
302
675
14
342
293
795
145
228
24
882
307
563
115
750
901
784
476
349
419
238
522
290
263
102
541
620
181
438
299
138
953
987
162
611
794
652
541
912
374
78
63
60
659
198
33
646
881
830
907
664
522
740
997
662
914
379
493
333
35
244
587
805
944
350
738
163
517
163
555
90
303
674
726
729
398
934
750
874
809
952
752
874
821
54
263
673
630
460
642
649
298
334
292
520
553
650
211
863
419
815
463
937
162
451
633
492
836
894
36
713
130
380
984
932
644
667
332
877
357
908
405
529
508
151
505
713
287
377
605
836
850
369
842
317
713
217
842
878
532
25
388
125
531
339
16
959
966
968
155
448
222
566
577
987
923
943
876
671
197
754
86
845
59
127
349
17
184
367
360
831
737
658
891
530
223
228
128
494
325
966
767
542
824
458
182
728
421
719
972
329
622
5
364
252
531
327
426
104
206
949
777
36
986
459
484
832
357
358
331
96
810
824
330
887
853
918
312
859
472
539
564
394
308
140
720
988
56
743
196
328
1
700
449
89
229
659
950
590
580
918
102
220
294
236
121
875
559
643
448
368
548
685
783
330
704
575
378
22
100
688
710
178
317
305
96
36
322
230
760
318
795
186
812
463
146
19
436
777
683
770
159
913
429
754
277
140
212
710
163
420
618
57
601
457
264
621
428
405
783
885
67
764
264
874
613
860
336
30
773
171
869
578
457
73
150
692
553
77
437
325
56
826
908
850
183
440
973
669
528
165
550
528
670
713
473
249
528
716
835
883
740
124
824
656
494
972
751
934
942
900
629
764
953
857
216
567
354
197
457
554
813
760
303
488
715
520
750
766
629
293
470
911
251
419
971
362
673
841
47
155
785
928
327
899
806
746
83
992
643
84
329
940
292
173
169
817
336
539
257
683
578
584
886
689
314
520
117
233
988
304
505
207
5
840
726
555
886
679
483
57
923
343
261
915
891
586
548
482
949
575
826
282
670
946
151
139
386
620
167
579
449
636
975
875
248
522
54
753
869
368
929
791
158
914
255
731
447
110
160
365
45
911
244
62
681
706
673
209
871
805
74
687
905
194
669
952
919
118
581
672
908
720
357
975
245
348
649
426
605
196
925
460
312
329
754
489
129
450
509
519
997
873
106
422
570
444
931
582
168
680
877
170
991
134
254
293
1
656
746
79
253
83
787
126
170
81
479
37
213
162
298
959
107
904
730
640
878
293
573
439
330
383
547
321
921
485
910
362
973
144
161
918
683
119
459
13
752
619
31
131
688
183
981
110
529
738
452
568
527
309
382
917
822
350
542
818
710
453
877
528
954
159
774
615
627
812
261
245
975
313
444
803
478
708
912
26
916
628
298
509
341
473
48
256
395
634
860
880
956
609
612
100
835
521
204
92
194
453
955
961
632
825
27
42
702
928
621
717
612
564
88
911
663
213
781
248
261
561
51
405
2
978
78
304
517
439
504
852
885
759
528
125
185
886
620
205
546
49
207
604
127
468
196
265
268
535
649
701
324
977
709
626
514
713
926
559
678
350
986
63
62
242
55
104
993
901
446
144
683
568
8
835
904
956
503
392
951
699
595
601
568
29
836
226
139
545
391
140
610
740
726
720
564
735
47
751
607
596
749
26
959
238
778
692
997
122
587
649
208
882
125
172
885
851
606
871
38
295
394
718
92
937
914
120
497
936
768
725
198
116
853
416
113
870
133
917
266
824
821
303
651
254
719
52
158
68
546
350
551
543
525
881
894
613
456
95
221
238
883
407
677
623
670
482
707
424
3
670
310
199
297
27
34
268
934
616
169
920
181
608
28
360
132
304
881
288
252
563
775
376
580
922
764
679
424
682
775
550
187
62
256
879
868
563
635
712
977
179
273
396
904
999
118
74
141
554
21
553
366
335
76
742
770
890
794
408
257
372
885
541
718
95
843
16
861
578
231
975
265
473
686
489
68
496
89
160
70
387
52
149
407
612
500
492
594
192
803
768
95
910
943
464
769
296
60
604
48
943
103
389
486
927
936
261
752
106
198
845
106
243
141
908
503
272
633
571
868
131
444
251
970
381
801
824
834
659
463
852
192
356
123
865
246
556
852
521
684
649
823
663
792
340
850
401
870
99
942
22
246
246
427
565
299
509
797
289
128
888
146
670
664
706
859
143
817
862
393
374
351
428
441
147
659
330
214
880
964
449
891
41
786
628
232
272
447
236
199
536
799
201
502
862
393
715
644
643
463
945
79
816
385
9
509
439
488
798
829
689
424
520
445
895
811
704
688
66
218
526
277
248
465
736
967
550
545
588
189
212
939
181
368
411
56
355
400
576
661
747
595
235
530
813
95
889
412
95
505
471
876
189
193
556
432
689
714
158
959
944
520
587
999
778
591
336
236
40
7
451
992
456
611
974
346
499
451
777
780
71
294
659
440
922
394
91
836
276
959
151
507
896
982
900
726
933
593
550
651
231
171
347
349
24
775
458
517
787
877
257
218
193
356
573
945
431
36
294
817
851
980
820
36
366
472
499
699
284
790
983
969
979
870
471
681
817
643
184
890
482
657
923
300
9
686
398
367
179
434
372
84
725
451
989
929
741
225
957
567
787
867
124
947
734
312
275
210
498
849
252
505
995
830
658
391
936
99
619
722
801
626
834
59
831
727
321
470
275
916
762
921
616
200
983
679
724
263
872
695
769
460
928
80
244
78
367
20
165
821
860
220
530
929
384
226
93
649
203
147
331
686
83
402
244
155
984
229
627
964
567
236
408
571
685
937
620
181
923
821
778
263
955
261
208
369
88
418
22
430
862
650
755
463
898
500
430
898
116
773
233
747
602
897
826
267
400
892
321
719
8
677
848
188
411
55
596
854
10
612
546
52
353
2
307
369
465
329
155
460
905
618
361
637
122
382
907
420
520
766
606
541
527
801
499
393
412
386
772
857
783
713
423
911
157
298
976
274
225
929
517
675
16
442
36
906
235
753
936
655
398
256
110
406
632
937
751
561
319
204
522
281
134
481
979
886
449
81
610
148
795
395
353
142
817
216
776
553
666
348
389
601
193
685
373
489
160
818
48
340
517
396
24
111
182
793
959
973
654
832
789
827
410
65
876
829
425
877
391
81
491
539
652
79
956
322
552
77
670
696
945
607
982
38
351
832
418
408
329
855
355
689
760
747
282
199
678
81
561
321
901
900
138
719
141
707
380
805
371
352
488
253
807
55
793
937
501
648
795
379
146
219
577
464
572
497
167
900
406
389
42
792
542
473
920
466
857
263
527
945
82
360
906
33
608
505
739
114
587
544
554
393
743
736
242
981
281
118
882
230
454
995
20
693
950
732
769
625
703
853
543
604
411
913
118
72
422
83
405
886
894
505
693
652
736
925
262
194
505
570
212
663
572
918
690
747
110
121
160
571
100
601
836
227
257
922
842
616
359
368
326
312
894
572
782
110
654
532
681
970
377
468
715
509
758
392
315
73
338
412
574
420
2
130
152
897
579
902
749
837
443
173
201
444
163
430
609
139
318
695
639
516
698
330
770
613
711
409
137
294
374
824
158
553
391
480
542
450
451
123
167
687
766
652
910
628
458
404
321
209
564
606
466
465
184
551
369
963
778
473
155
19
144
854
312
978
72
725
463
845
752
173
900
718
452
845
426
953
221
840
956
26
216
148
835
309
151
291
883
812
621
562
737
683
212
940
958
829
233
261
451
617
631
858
546
188
942
804
709
328
603
902
885
602
971
309
909
211
467
804
285
657
596
217
755
787
936
837
381
273
403
845
326
661
154
403
476
585
871
470
621
234
664
406
192
658
361
745
830
847
56
643
362
788
756
222
652
725
719
384
38
497
705
659
863
528
661
800
460
347
684
173
697
233
415
512
788
326
447
43
507
491
815
343
302
773
25
656
568
473
461
94
877
268
258
2
307
834
666
160
337
845
827
131
793
39
354
357
582
838
12
521
680
520
987
975
793
316
301
676
657
884
642
934
922
798
770
963
495
21
782
125
73
913
309
828
67
101
900
642
220
881
915
263
844
316
149
614
977
656
352
336
881
444
832
284
497
468
215
147
758
834
611
384
818
901
629
956
157
920
872
213
40
157
443
595
108
676
474
529
207
957
996
5
945
668
728
374
518
485
435
177
508
495
824
512
130
407
162
736
326
185
442
680
249
793
70
118
605
587
712
433
827
169
396
492
478
768
217
866
410
301
356
3
830
823
503
800
805
908
629
51
269
770
971
522
399
333
8
210
565
996
45
829
981
217
800
669
80
612
840
893
983
543
701
274
765
667
560
491
763
438
709
524
249
329
364
792
115
363
793
928
297
416
975
679
972
101
483
636
847
668
723
947
578
718
663
732
754
455
206
197
777
846
80
450
29
361
838
307
568
490
282
80
330
994
954
688
43
960
440
292
456
684
613
698
968
892
752
122
200
453
808
642
99
202
215
621
786
504
179
949
498
486
240
841
186
290
716
553
288
996
984
539
348
101
8
831
427
988
284
661
687
727
66
192
401
445
397
291
851
713
864
105
714
408
794
116
321
595
523
113
577
333
262
782
534
263
934
658
223
101
298
9
873
233
395
924
363
645
680
873
958
702
248
243
917
720
953
420
458
509
93
490
741
465
792
360
448
460
111
586
602
961
693
243
899
764
27
201
49
172
909
506
725
403
791
832
255
650
483
401
570
196
657
263
894
203
542
569
121
952
871
226
771
765
564
256
203
255
874
562
370
442
971
469
640
105
950
388
219
528
113
130
193
906
821
423
81
174
751
820
875
765
381
622
370
636
776
700
942
282
698
762
774
493
759
431
472
606
300
985
904
102
860
980
547
662
292
766
967
759
423
318
530
81
358
389
964
680
362
107
714
735
11
722
854
735
539
957
653
374
771
299
858
868
985
279
734
483
527
350
69
292
936
304
548
43
325
322
711
420
519
618
672
835
848
454
993
398
313
176
193
721
599
723
627
461
823
37
182
171
862
911
823
210
546
478
795
12
776
812
995
213
885
533
321
69
914
383
68
952
646
581
658
613
508
780
168
934
590
203
799
490
294
376
165
961
713
905
14
652
68
582
411
771
893
323
434
560
365
771
847
379
639
357
198
238
260
252
448
258
77
396
334
762
942
52
165
966
774
148
733
295
735
174
282
408
416
249
493
791
860
655
466
111
724
350
606
422
638
144
564
60
221
708
313
538
988
836
388
516
849
411
905
966
884
226
324
593
582
345
63
392
103
251
613
332
857
772
504
117
299
919
782
672
334
717
265
934
715
222
172
530
271
355
807
602
419
461
148
711
138
944
670
708
193
797
325
709
667
395
936
477
66
413
621
637
245
704
670
244
11
552
548
624
924
459
392
406
987
403
236
261
863
968
992
809
815
656
36
72
289
370
524
453
772
481
618
544
881
227
987
377
88
522
483
543
444
983
710
470
289
47
804
2
138
717
817
493
237
237
299
267
540
297
471
409
800
37
757
515
716
601
586
731
889
635
67
830
275
298
991
223
776
722
36
90
455
999
996
852
401
306
610
64
895
390
604
837
532
927
586
282
281
651
44
51
978
86
24
275
890
21
803
755
665
751
502
573
39
621
103
308
652
49
840
479
589
263
919
196
393
254
391
649
306
738
207
200
657
812
464
957
38
981
385
657
827
321
125
479
962
958
977
333
593
711
958
519
597
34
331
859
878
285
811
249
97
975
963
229
75
501
650
222
762
774
120
200
585
880
614
268
241
788
595
670
657
520
252
956
378
174
733
775
901
645
216
294
936
494
199
822
604
583
350
393
729
338
430
441
555
776
998
589
885
757
429
847
700
784
752
575
150
302
425
70
170
832
161
697
426
669
95
380
4
562
550
56
830
351
308
168
485
735
933
474
127
311
87
29
875
996
309
728
434
733
925
665
244
392
386
894
271
722
405
761
864
955
419
598
257
431
883
343
675
972
480
376
41
824
295
152
89
433
560
625
310
286
215
449
862
604
589
50
378
653
344
166
253
141
196
804
502
126
306
470
716
860
687
798
582
283
624
56
33
968
643
712
285
405
351
242
258
612
349
758
274
692
994
879
181
304
90
603
42
477
202
657
627
312
199
317
34
42
823
55
155
233
456
781
942
273
902
943
365
843
86
51
321
415
985
325
479
767
613
675
456
155
677
783
726
313
938
102
579
610
292
304
447
193
474
741
90
975
983
988
32
838
703
78
680
774
290
926
176
908
811
801
227
292
433
581
361
113
722
76
554
471
752
445
12
61
965
188
531
669
900
281
533
319
837
554
191
643
524
988
921
894
819
725
201
927
832
178
869
191
7
620
953
855
105
232
974
286
542
454
921
41
751
790
128
848
257
198
309
904
68
500
852
868
371
972
464
941
600
783
575
647
402
513
95
262
21
922
937
33
156
476
672
80
976
414
236
209
189
465
470
29
133
844
362
45
26
362
420
935
207
533
193
896
888
942
974
26
755
209
614
737
462
162
509
254
304
217
845
162
807
974
520
624
847
980
197
805
680
605
187
413
675
510
737
753
945
104
146
351
553
819
814
156
430
218
214
556
575
602
277
238
898
129
282
140
677
869
14
776
629
113
239
149
129
405
523
928
460
549
345
475
383
548
889
518
66
28
860
176
453
617
548
959
136
993
989
493
842
174
967
956
754
181
613
307
618
278
705
331
859
677
202
592
973
966
604
278
169
735
85
342
719
227
550
406
472
167
935
293
217
326
982
96
666
316
21
943
40
247
713
695
585
134
817
142
833
927
518
311
44
28
493
298
119
748
939
808
615
876
919
741
654
167
267
710
316
584
490
490
766
590
731
360
922
236
17
81
808
887
847
805
357
798
955
886
888
71
108
792
267
304
169
587
413
778
963
735
264
661
680
436
46
502
835
926
545
278
526
297
807
77
212
189
415
135
360
419
50
565
218
938
167
12
250
108
239
38
956
187
376
403
73
338
29
154
479
127
534
822
873
278
378
337
866
67
786
502
476
520
764
505
266
951
578
944
840
88
818
68
386
26
829
78
23
901
572
271
864
390
673
6
63
144
735
481
484
457
695
636
326
873
105
484
39
257
382
55
625
834
782
39
986
415
535
952
843
73
379
317
296
988
561
943
117
237
491
45
295
319
210
820
263
213
374
437
567
530
551
231
89
464
578
987
333
443
168
743
849
365
880
231
2
434
755
838
582
319
815
570
218
403
906
870
108
908
330
852
149
342
989
284
330
895
981
288
128
292
416
472
979
715
532
125
844
926
166
693
939
461
735
129
853
399
820
242
732
510
286
246
242
26
82
885
689
557
849
351
146
796
246
147
273
861
763
472
718
559
159
376
295
691
310
341
396
571
485
543
24
215
267
787
556
510
165
544
452
582
297
819
506
881
622
781
322
328
191
79
241
210
836
669
57
832
193
504
987
728
916
208
372
300
604
496
310
618
288
628
493
684
721
336
70
581
16
897
806
826
222
418
681
235
540
817
694
376
743
258
705
268
305
444
968
812
796
485
25
666
142
277
966
940
741
415
413
450
928
351
892
920
91
974
117
659
420
584
492
374
229
360
527
511
315
93
342
3
219
762
250
468
854
270
666
293
110
834
915
911
542
96
675
718
737
566
952
950
353
702
663
847
858
80
343
386
819
402
660
129
812
604
441
444
683
629
622
273
47
59
442
436
693
990
913
165
777
968
14
914
502
564
940
260
814
667
784
985
872
331
630
977
878
111
126
111
39
413
850
640
753
569
743
811
818
817
417
798
933
523
272
103
517
655
820
379
130
335
291
397
867
17
847
99
41
647
305
893
920
506
578
105
592
823
895
999
380
852
555
334
968
194
619
709
204
260
535
595
274
563
435
667
634
619
294
49
538
279
863
482
813
772
79
51
719
139
607
726
745
639
514
435
25
891
173
452
639
248
647
504
556
434
574
952
262
364
883
495
626
895
222
66
915
888
101
765
693
987
836
775
688
758
20
555
862
647
440
268
206
810
450
244
602
594
364
245
373
158
551
142
561
346
835
743
106
53
743
439
799
50
76
783
532
699
971
766
263
947
607
520
313
918
71
469
221
364
175
549
748
992
629
665
418
112
898
559
979
401
178
12
893
745
671
621
190
223
900
254
885
189
952
378
740
101
681
789
916
671
712
802
3
410
149
462
635
410
466
524
203
921
226
978
747
121
422
27
132
211
802
846
836
408
864
315
359
728
472
619
637
471
47
94
180
357
947
985
779
237
688
567
266
188
26
175
225
269
65
599
551
290
437
165
410
223
439
742
167
284
870
849
831
866
26
862
988
108
133
799
13
670
525
201
191
910
732
47
811
114
236
218
674
801
949
154
157
93
399
321
462
55
582
535
753
577
584
958
25
284
10
459
661
118
221
806
527
787
958
479
700
993
437
437
269
391
785
633
890
880
435
71
39
930
553
386
735
492
639
967
812
702
235
3
552
957
192
224
72
340
866
792
171
372
984
45
204
428
385
501
277
532
305
927
363
849
4
106
750
848
23
962
377
708
120
860
671
373
745
558
87
715
221
225
735
591
425
168
949
411
893
59
472
921
721
521
869
958
214
991
415
757
385
174
447
95
501
239
419
252
999
432
697
492
88
548
34
878
73
99
800
502
370
311
788
527
779
194
341
339
802
736
290
584
993
208
376
59
857
592
555
881
889
427
946
513
415
487
517
794
788
537
504
561
833
131
906
509
678
494
395
950
85
555
734
37
556
817
241
932
454
624
157
404
629
774
576
176
33
347
446
144
880
587
982
129
609
974
773
980
202
251
209
373
434
564
330
668
243
863
0
146
748
162
933
271
32
496
583
878
823
876
609
852
117
791
229
613
470
122
103
781
191
586
687
455
841
910
954
920
557
567
341
372
65
122
815
625
999
246
489
350
730
995
623
826
568
8
103
519
839
180
827
735
758
692
810
406
980
31
938
859
790
950
749
804
203
170
776
740
470
431
234
259
423
921
108
255
229
628
788
319
193
36
364
44
195
328
694
484
10
782
337
745
755
933
863
121
147
360
470
867
93
856
347
466
412
287
148
984
864
17
210
427
785
654
689
580
251
255
390
326
865
158
693
155
219
312
549
848
303
370
768
610
407
645
453
607
318
640
102
325
726
264
465
331
350
735
798
694
525
135
11
411
798
604
110
925
569
652
153
274
410
358
321
154
976
457
69
846
601
138
198
939
266
786
307
941
586
492
337
953
618
938
924
340
764
653
841
627
926
730
175
670
634
561
782
914
17
520
359
758
203
207
266
330
808
16
665
880
126
879
987
275
425
978
617
352
58
241
127
64
475
966
677
738
967
853
273
286
891
310
869
124
896
56
7
771
957
878
642
155
568
525
468
988
25
423
518
912
182
592
206
894
820
472
753
464
893
819
348
530
597
992
603
241
781
412
798
304
692
228
129
31
218
748
24
79
903
599
877
489
948
172
159
206
57
228
59
840
741
483
425
807
960
6
124
369
377
814
440
108
551
369
475
65
557
36
346
907
689
599
858
982
966
744
229
917
787
395
908
509
774
260
230
673
189
630
684
231
786
933
108
705
450
971
479
660
197
800
160
569
654
8
138
843
413
683
239
993
521
292
686
344
141
276
289
126
103
738
903
434
511
825
952
216
468
926
639
763
267
485
470
230
57
516
798
565
917
812
983
127
465
145
296
424
716
770
562
517
758
710
124
668
95
13
880
468
473
789
939
352
456
483
386
581
830
568
433
719
780
372
554
453
920
354
334
97
223
382
792
390
713
849
490
846
863
334
45
839
124
688
505
962
437
710
681
195
783
884
174
953
631
804
908
983
475
169
529
740
246
521
42
369
167
784
273
654
953
828
867
832
210
819
596
778
110
790
256
860
159
415
794
931
135
226
980
992
464
608
881
389
612
951
152
721
984
259
855
626
70
863
51
521
59
707
576
325
29
158
232
378
436
454
796
764
760
429
901
507
867
319
298
450
943
748
562
929
687
817
167
887
55
475
766
142
655
164
700
496
400
141
506
386
851
187
624
507
925
722
659
98
218
438
267
345
338
637
202
391
406
188
181
935
961
48
35
409
610
976
527
478
600
824
206
75
483
295
894
813
958
616
29
3
891
374
482
309
712
680
567
962
32
324
244
349
692
326
28
768
132
834
222
940
387
831
480
776
947
333
657
308
328
891
517
396
737
540
144
640
126
792
823
942
728
224
237
796
254
116
230
375
513
503
151
385
254
418
208
691
730
679
836
596
115
96
306
350
967
818
186
858
8
57
491
90
115
582
650
333
642
600
434
512
485
165
870
414
684
870
344
676
409
721
425
166
474
755
785
203
946
507
542
408
526
721
339
156
452
358
947
308
504
446
627
565
48
46
495
659
755
569
821
859
507
331
908
865
768
645
728
970
387
414
194
288
26
249
667
105
171
481
615
430
107
35
38
375
617
872
249
221
507
690
650
196
137
674
818
962
754
541
857
220
667
903
132
194
304
745
385
369
837
295
174
840
404
136
816
837
169
840
841
100
73
737
227
826
654
497
177
375
509
146
335
301
98
431
435
588
924
323
838
636
929
350
952
688
304
717
166
88
251
273
311
712
749
749
37
284
509
91
804
40
707
670
75
701
398
889
596
223
932
347
936
26
832
88
280
618
170
40
121
233
50
715
571
177
845
416
671
685
821
872
190
645
290
708
484
397
510
294
118
79
224
885
922
918
985
402
984
698
162
920
627
993
73
930
344
703
32
127
647
228
347
734
117
697
116
607
501
773
557
935
312
868
819
235
239
544
668
639
610
858
544
427
122
363
612
598
956
973
301
634
189
609
929
260
164
104
781
642
865
114
474
698
875
627
162
194
555
534
497
833
212
590
286
515
553
192
681
778
863
515
389
942
638
518
540
176
52
358
592
987
120
713
195
682
657
244
988
513
499
679
649
363
279
434
971
817
523
475
813
410
165
184
966
860
869
785
402
149
327
162
587
158
592
55
819
881
650
748
443
687
37
730
259
689
85
132
208
386
226
429
950
230
893
366
100
648
849
996
210
340
32
97
998
170
830
690
235
54
122
698
631
87
833
571
54
371
446
390
904
801
326
242
64
468
201
62
605
873
322
831
186
807
300
925
567
827
421
523
142
157
925
124
505
711
23
380
220
925
10
499
149
813
489
602
822
505
294
710
91
567
535
941
438
451
276
619
369
868
937
663
797
228
154
3
104
945
655
101
365
514
801
920
447
587
731
816
958
563
292
551
169
946
542
982
784
912
746
993
69
269
905
781
186
333
907
990
485
737
337
240
50
861
168
219
95
681
418
480
66
457
704
503
374
914
266
758
171
181
491
255
579
90
457
14
574
708
871
820
80
124
282
519
188
961
305
421
985
3
969
195
690
348
301
854
958
346
658
863
746
942
468
266
847
648
155
511
233
969
539
382
127
116
34
866
573
713
535
251
556
510
187
436
222
166
982
69
126
272
486
567
828
995
768
433
727
340
714
329
57
967
614
546
43
92
657
906
889
55
757
433
215
721
442
789
144
513
713
775
477
950
592
192
396
190
461
797
183
710
246
808
769
278
115
918
85
569
829
295
802
967
42
546
446
802
301
294
290
407
829
858
346
822
311
655
335
981
158
938
10
918
976
186
18
494
314
449
478
305
819
437
351
884
721
558
369
998
494
822
708
834
105
156
720
812
888
724
401
211
585
278
952
37
779
862
749
112
267
630
986
840
44
795
166
358
982
798
329
825
776
941
142
245
554
362
751
168
914
10
795
154
210
505
200
3
572
322
105
585
742
385
157
633
997
59
104
976
857
917
462
814
890
63
357
913
443
539
13
276
40
384
923
802
193
913
594
51
426
779
150
916
492
706
404
731
299
317
552
535
556
672
206
676
254
475
260
521
218
330
411
510
472
263
277
228
906
727
196
458
287
639
178
915
686
781
31
19
821
155
906
264
731
929
914
804
224
401
695
183
419
562
368
672
6
524
52
789
128
234
266
392
971
305
872
344
376
487
448
752
996
953
874
118
496
759
427
514
105
58
30
115
196
631
697
424
510
296
78
528
565
216
75
558
435
16
849
385
360
138
933
722
227
368
28
606
733
244
731
726
563
429
606
685
13
765
450
47
810
610
601
96
448
778
742
61
940
816
387
117
593
201
266
193
698
238
88
205
447
246
823
823
593
240
677
827
773
96
423
57
722
873
103
657
483
421
631
24
747
615
652
213
29
546
278
279
877
820
603
615
117
872
308
204
768
934
948
379
342
683
663
815
968
918
256
206
279
906
369
310
338
633
687
90
735
527
977
195
106
279
468
702
338
699
557
741
562
885
510
419
653
19
76
305
80
182
81
548
28
509
342
566
736
670
186
843
882
613
567
352
259
849
162
872
604
652
773
940
571
795
342
687
470
229
253
732
713
865
606
449
326
976
646
572
722
537
11
633
345
485
54
668
265
2
272
197
524
778
552
694
555
52
755
155
813
403
50
763
262
105
93
416
434
790
982
707
489
202
943
492
566
102
258
811
394
509
99
515
102
939
872
791
293
94
847
193
761
51
33
454
508
673
746
71
943
996
476
975
580
567
693
297
971
788
27
593
210
5
653
226
679
406
504
951
737
415
902
535
53
611
592
247
292
77
459
20
70
598
107
589
500
931
122
625
808
550
471
89
835
506
539
850
618
373
240
251
377
191
654
333
700
970
566
58
252
314
688
590
581
896
413
824
26
577
813
624
83
412
803
707
687
479
458
852
884
86
814
212
494
561
328
865
422
707
530
244
776
505
249
452
163
926
543
217
706
69
571
955
78
938
729
247
183
702
535
377
839
205
279
362
994
565
585
409
404
576
74
892
493
967
197
739
517
844
369
971
930
398
801
125
551
740
228
822
230
960
918
256
169
86
590
375
427
571
738
894
804
866
608
883
300
166
396
810
372
635
532
601
51
25
365
593
227
461
263
258
793
145
423
7
499
748
938
833
873
546
803
518
525
557
466
432
239
818
261
898
286
725
488
600
774
522
549
355
502
25
569
327
203
149
650
590
818
392
696
431
431
98
480
910
122
859
199
130
903
208
457
454
854
478
266
491
318
347
248
748
386
775
920
136
836
668
118
87
953
584
163
135
725
490
390
363
433
115
7
164
131
881
740
622
426
666
408
290
511
810
360
968
346
465
140
686
805
820
66
792
692
4
185
599
620
305
956
640
369
919
399
553
681
391
58
251
164
375
36
14
890
458
712
382
198
662
154
384
463
833
764
674
903
83
354
137
594
83
771
705
232
342
996
897
35
500
594
467
420
203
721
460
894
39
810
885
820
631
674
179
100
706
76
350
129
164
635
73
396
619
334
662
80
639
198
424
204
778
208
30
371
670
287
817
138
940
750
567
254
908
657
684
292
789
953
155
690
418
666
171
428
606
189
210
401
52
503
380
338
77
635
19
249
92
280
67
305
505
382
393
545
713
405
436
907
87
363
883
809
265
596
363
24
870
501
52
703
477
707
174
229
938
875
156
262
949
340
660
887
455
871
943
640
282
165
144
924
290
814
679
244
563
518
408
123
834
665
212
547
686
167
289
833
856
840
123
649
321
703
583
594
804
605
826
151
885
597
968
366
352
41
668
175
178
88
262
58
725
39
286
635
788
92
937
418
782
30
968
79
49
484
327
127
227
338
232
779
265
76
502
253
645
241
748
442
970
163
346
911
617
575
290
793
164
385
93
182
218
267
664
343
31
747
98
24
673
443
896
475
670
