4
144
31
2
104
424
243
4
41
12
2
23
14
10
333
2
44
2
13
130
2
4
342
0
12
130
200
121
3
44
0
0
3
224
2
41
42
33
3
0
3
33
2
431
1
0
3
0
2
21
33
4
2
1
220
220
42
41
321
44
400
4
1
23
144
43
30
4
40
0
1
140
33
401
4
243
0
1
2
3
2
42
0
44
134
402
11
41
1
411
4
32
341
2
1
1
1
4
3
44
421
32
2
221
323
21
340
34
344
1
0
24
32
1
0
121
3
4
42
1
34
3
3
3
21
340
40
42
22
120
0
431
3
112
2
0
341
40
100
4
41
33
4
0
31
423
0
14
3
110
133
1
3
4
321
10
323
4
44
44
20
21
0
1
0
1
322
33
3
0
211
43
0
41
22
234
20
4
21
314
14
14
4
2
412
34
3
20
44
0
3
0
4
2
402
42
20
432
420
23
332
20
1
312
23
14
131
310
2
3
234
1
21
4
200
3
0
144
2
3
141
2
212
1
0
3
10
4
43
2
3
44
412
14
10
2
202
12
22
1
1
214
4
2
40
34
40
342
14
4
2
403
2
12
421
1
0
11
130
34
14
3
40
30
43
4
0
3
1
2
10
33
321
441
42
4
243
222
344
20
3
42
232
14
3
4
4
312
40
133
322
43
1
34
11
1
43
44
1
0
1
1
21
441
34
30
40
2
3
3
1
24
0
0
4
4
12
4
1
44
12
40
402
11
0
403
20
42
412
4
211
22
32
322
33
1
11
2
32
13
3
340
2
32
34
0
3
23
10
23
4
12
20
100
4
200
4
43
42
3
341
43
211
31
24
3
341
0
2
430
42
1
2
4
123
0
1
13
411
10
303
33
42
102
422
3
331
3
330
1
1
323
23
301
3
3
12
413
4
234
1
3
43
300
22
414
0
23
1
0
43
13
4
1
304
401
1
33
4
22
14
122
0
33
2
23
2
234
20
40
213
342
20
40
40
32
1
40
42
4
4
1
1
212
3
4
1
0
1
32
41
14
11
0
4
13
4
12
2
3
1
24
2
2
4
1
3
2
2
4
101
4
342
3
201
3
13
4
4
3
4
23
12
44
14
32
211
343
103
2
122
3
4
23
30
434
211
21
2
334
4
30
3
33
223
3
2
30
244
213
240
23
1
1
422
31
14
14
133
2
0
4
0
2
403
1
131
14
22
2
13
1
1
2
0
224
23
24
1
102
10
21
44
4
4
1
404
440
4
33
210
0
42
30
2
4
0
213
0
4
2
2
14
344
2
0
422
0
231
200
41
33
11
331
140
1
423
311
4
2
2
11
3
42
2
4
30
31
403
430
20
3
31
2
214
21
24
3
113
11
1
2
32
40
320
12
0
400
10
4
3
13
13
114
14
23
1
142
14
32
32
332
2
2
1
4
0
14
4
3
142
4
0
332
4
0
3
120
33
3
2
13
201
2
100
2
40
1
32
433
2
2
342
232
3
2
3
41
431
2
44
201
120
22
13
114
442
411
1
104
1
24
2
4
11
0
324
420
23
0
41
242
0
40
42
314
111
300
32
22
4
32
4
20
133
221
143
4
0
42
303
300
0
412
14
400
41
3
312
4
3
2
44
23
42
1
4
400
41
23
203
2
41
0
4
34
340
200
403
432
124
23
4
424
0
0
314
443
1
0
3
1
20
424
42
1
0
33
334
331
111
4
120
410
22
0
0
131
34
320
3
40
121
13
1
42
344
331
412
1
1
212
1
21
311
43
4
3
134
221
32
22
21
3
343
342
22
34
0
14
0
43
204
14
44
241
4
2
0
32
3
34
132
43
2
34
0
420
40
2
31
23
324
233
12
0
304
4
2
1
243
4
14
2
134
2
40
4
100
4
12
144
4
334
30
41
323
210
40
10
23
1
4
34
44
134
0
0
414
34
0
1
20
30
2
4
34
3
12
23
0
42
130
4
40
414
13
23
2
11
3
22
0
3
1
42
33
233
1
31
1
1
433
44
2
400
1
13
1
334
3
303
3
3
34
4
2
13
104
4
231
34
0
4
120
43
32
314
1
2
1
332
2
4
234
310
14
242
0
44
4
0
33
3
1
21
13
433
314
3
402
2
103
2
0
21
34
1
43
4
40
100
330
4
44
40
43
1
22
4
213
1
1
32
401
0
113
1
3
114
33
33
3
130
14
2
3
430
24
0
2
1
0
2
2
403
2
3
322
443
20
21
23
2
330
21
3
100
304
32
4
3
1
1
314
300
3
102
0
10
