294
694
920
398
403
303
968
532
935
563
626
658
504
704
561
176
2
866
852
686
538
392
362
870
963
662
754
969
898
392
34
756
673
338
576
870
897
730
885
672
630
156
946
816
509
486
345
105
305
542
629
609
65
768
699
923
829
165
289
596
685
559
988
949
28
355
701
553
616
13
624
70
879
801
436
14
910
90
540
787
994
119
388
589
357
120
614
354
673
597
954
399
331
639
897
231
406
682
123
172
651
757
117
151
9
883
219
83
631
440
244
128
580
696
163
536
10
871
376
458
521
661
356
710
195
288
656
765
346
950
355
73
790
682
404
212
330
403
697
330
325
538
996
551
9
193
23
209
773
360
844
205
483
259
192
345
911
65
638
533
366
305
911
718
994
729
339
352
541
723
924
821
760
85
706
231
426
797
704
330
930
624
293
827
543
258
975
141
661
808
588
285
489
126
444
812
776
538
822
834
791
121
220
854
864
306
582
516
707
24
322
192
518
903
560
137
710
483
660
564
7
860
815
692
476
574
627
994
268
902
665
434
930
364
8
456
113
121
433
597
826
685
922
694
469
478
537
459
572
860
788
689
483
384
743
670
840
396
918
134
660
885
532
202
782
3
74
842
659
91
312
5
791
160
698
226
544
639
502
419
575
706
100
853
476
255
768
637
945
570
78
776
319
544
541
883
106
963
597
374
202
706
839
432
524
350
356
773
512
754
25
599
214
755
8
988
39
272
958
168
950
107
158
803
166
97
532
762
298
720
326
325
652
139
117
816
815
52
375
804
212
557
241
97
627
958
998
214
862
650
450
338
216
148
290
587
646
666
142
493
505
307
746
593
859
566
44
383
147
271
642
672
281
18
781
885
42
225
65
953
273
789
933
156
498
320
290
924
553
87
253
481
857
301
991
379
523
879
546
795
109
869
557
519
826
955
706
435
499
175
641
420
271
948
439
839
584
619
233
622
509
789
328
589
832
561
457
154
815
511
950
726
730
318
710
906
65
902
79
620
577
403
28
497
544
619
164
490
147
64
141
779
626
298
702
538
641
504
417
506
166
80
587
265
834
85
912
330
67
976
908
53
886
23
721
159
81
592
787
434
749
570
798
87
767
9
325
293
510
563
702
26
193
948
499
513
423
474
953
371
725
646
29
300
869
847
36
39
660
108
773
706
224
618
265
736
513
111
272
824
29
722
486
681
321
418
450
368
264
532
154
473
713
612
631
894
868
590
653
136
751
260
684
135
611
318
530
621
810
349
129
776
498
321
825
48
399
375
315
43
531
401
835
130
368
659
228
51
26
294
828
473
614
72
614
633
382
89
122
906
244
678
891
621
711
712
534
736
654
904
225
432
265
717
653
393
258
70
367
664
880
952
694
857
703
89
581
225
600
992
633
478
621
417
516
624
199
234
374
782
392
580
662
967
553
445
194
848
558
872
720
561
538
749
181
433
36
308
732
414
254
265
719
167
99
264
596
910
9
189
334
309
516
842
581
746
757
918
343
220
842
765
597
675
489
692
606
747
651
457
817
782
646
822
858
749
553
264
896
644
999
973
380
339
590
818
520
122
216
202
998
79
927
382
814
526
769
104
796
590
894
145
743
240
998
584
106
46
904
915
300
833
719
969
614
161
586
854
310
497
911
482
388
864
679
50
453
136
503
707
362
948
517
854
868
13
629
10
986
17
840
106
733
707
500
665
20
892
33
510
170
50
695
447
516
757
75
186
483
315
8
11
532
65
498
764
427
821
588
561
158
97
860
234
828
583
475
208
1
71
901
856
96
923
35
954
907
290
90
685
50
282
870
553
925
460
334
678
328
403
887
553
298
336
719
346
148
410
103
743
112
678
591
486
201
608
916
482
70
724
952
867
737
388
537
969
197
954
339
41
373
837
825
800
773
672
286
310
341
576
975
956
422
642
930
193
241
429
15
238
481
502
521
959
794
156
652
712
838
281
323
945
85
653
426
311
739
253
412
804
449
327
893
323
103
858
268
977
173
368
687
86
805
444
588
962
693
127
422
131
993
409
475
207
390
426
932
221
888
613
0
641
836
562
654
125
117
989
463
415
700
331
92
759
141
367
970
62
382
863
244
388
940
461
265
690
875
303
814
903
920
198
318
240
255
74
148
267
123
374
768
94
78
487
39
436
754
997
349
4
193
184
896
513
349
619
791
250
734
296
857
546
917
383
637
546
641
753
617
609
816
35
483
937
153
108
810
829
28
198
521
894
133
224
947
748
95
203
853
973
880
845
945
398
85
627
774
8
368
18
